year,democrats,republicans,independents
1960,64,36,0
1962,66,34,0
1964,68,32,0
1966,64,36,0
1968,57,43,0
1970,54,44,2
1972,56,42,2
1974,61,37,2
1976,61,38,1
1978,58,41,1
1980,46,53,1
1982,46,54,0
1984,47,53,0
1986,55,45,0
1988,55,45,0
1990,56,44,0
1992,57,43,0
1994,48,52,0
1996,45,55,0
1998,45,55,0
2000,50,50,0
2002,48,51,1
2004,44,55,1
2006,49,49,2
2008,57,41,2
2010,51,47,2
2012,53,45,2
2014,44,54,2
2016,46,52,2
2018,45,53,2
2020,48,50,2
2022,48,49,3
2024,47,49,4